"y" "size" "center" "variance" "even" "cramer" "ratio" "PNT"
11 31 16.5 88 TRUE TRUE 32 7.38441885232809
2 10 37 11 FALSE FALSE 1.3125 2.00911916043395
8 35 59.5 111 TRUE TRUE 1.83333333333333 6.49744388309845
1 3 78.5 1.66666666666667 TRUE FALSE 1.03896103896104 0.530612487978658
29 153 156.5 1989.16666666667 TRUE TRUE 2.9125 24.5180640760084
2 10 238 11 FALSE FALSE 1.04291845493562 1.49411731298024
9 61 273.5 325.5 TRUE TRUE 1.25102880658436 8.93777206974033
4 15 311.5 22.6666666666667 TRUE FALSE 1.04934210526316 2.15788861374621
0 10 324 11 FALSE FALSE 1.03134796238245 1.43126888166225
5 24 341 54.1666666666667 FALSE FALSE 1.07294832826748 3.41110289065611
5 32 369 93.5 FALSE FALSE 1.09065155807365 4.50091908821051
4 29 399.5 77.5 TRUE FALSE 1.07532467532468 4.03332768874488
8 46 437 188 FALSE TRUE 1.11111111111111 6.32274689428003
11 69 494.5 414.166666666667 TRUE TRUE 1.15 9.33237156930802
0 11 534.5 13 TRUE FALSE 1.02079395085066 1.47254357666013
11 63 571.5 346.666666666667 TRUE TRUE 1.11666666666667 8.36169178226407
4 16 611 25.5 FALSE FALSE 1.02653399668325 2.10567743360363
7 45 641.5 180.166666666667 TRUE TRUE 1.07269789983845 5.88536106955185
1 11 669.5 13 TRUE FALSE 1.01656626506024 1.43085293215381
12 82 716 581 FALSE TRUE 1.12148148148148 10.5775503521052
4 37 775.5 123.5 TRUE FALSE 1.04887714663144 4.72531804161144
11 67 827.5 391 TRUE TRUE 1.08438287153652 8.48864180247179
5 27 874.5 67.6666666666667 TRUE FALSE 1.03135888501742 3.39795974846825
2 27 901.5 67.6666666666667 TRUE FALSE 1.03040540540541 3.38518340529427
12 89 959.5 682.5 TRUE TRUE 1.09726775956284 11.0753726661302
10 57 1032.5 285.166666666667 TRUE TRUE 1.05677290836653 7.03021107716054
14 105 1113.5 945.166666666667 TRUE TRUE 1.09896324222432 12.8347553334034
3 26 1179 63 FALSE FALSE 1.02229845626072 3.15648688082391
2 10 1197 11 FALSE FALSE 1.00838926174497 1.21191930331199
0 3 1203.5 1.66666666666667 TRUE FALSE 1.00249584026622 0.363331277037702
5 26 1218 63 FALSE FALSE 1.02157676348548 3.14446422862773
12 78 1270 526.666666666667 FALSE TRUE 1.06336311941511 9.38761419542223
15 140 1379 1668.5 FALSE TRUE 1.10695187165775 16.6886792525944
10 50 1474 221 FALSE FALSE 1.03450655624569 5.91420263783024
6 55 1526.5 266 TRUE TRUE 1.03669112741828 6.47933131429161
1 12 1560 15.1666666666667 FALSE FALSE 1.00772200772201 1.41016264246832
7 42 1587 157.666666666667 FALSE FALSE 1.02681992337165 4.92582405876792
1 4 1610 2.5 FALSE FALSE 1.00248756218905 0.4683512756678
4 16 1620 25.5 FALSE FALSE 1.00992555831266 1.87214485377177
5 46 1651 188 FALSE FALSE 1.02825552825553 5.37072435320832
11 89 1718.5 682.5 TRUE TRUE 1.0531660692951 10.3440889747505
4 27 1776.5 67.6666666666667 TRUE FALSE 1.01531480431083 3.12627654236815
4 46 1813 188 FALSE FALSE 1.02569832402235 5.31417369162034
1 12 1842 15.1666666666667 FALSE FALSE 1.00653594771242 1.38376201385483
10 76 1886 500.5 FALSE TRUE 1.04112554112554 8.74094950778039
4 40 1944 143.5 FALSE FALSE 1.02079002079002 4.58479382933558
7 39 1983.5 136.666666666667 TRUE FALSE 1.01985743380855 4.46009315041448
5 36 2021 117.166666666667 FALSE FALSE 1.01797304043934 4.10852879067056
7 58 2068 295 FALSE FALSE 1.02844531633154 6.6021546571389
13 115 2154.5 1131 TRUE TRUE 1.0548402479733 13.0314619018826
2 11 2217.5 13 TRUE FALSE 1.00497287522604 1.24249174371352
9 64 2255 357.5 FALSE TRUE 1.02878992352677 7.2157571605556
2 18 2296 31.6666666666667 FALSE FALSE 1.0078705728028 2.02536500256286
2 11 2310.5 13 TRUE FALSE 1.00477223427332 1.23688907890551
17 122 2377 1271 FALSE TRUE 1.05267702936097 13.6756405276776
2 13 2444.5 17.5 TRUE FALSE 1.00533223954061 1.45274854089956
3 23 2462.5 50 TRUE FALSE 1.0093839249286 2.56818855056451
17 174 2561 2566.66666666667 FALSE TRUE 1.07033144704931 19.3464770194475
18 101 2698.5 875.5 TRUE TRUE 1.0381419939577 11.1662196471616
1 9 2753.5 9.16666666666667 TRUE FALSE 1.00327391778829 0.992833094769253
0 4 2760 2.5 FALSE FALSE 1.00145032632342 0.441147487091428
2 16 2770 25.5 FALSE FALSE 1.00579290369298 1.76389008393522
6 49 2802.5 212.5 TRUE FALSE 1.01763858891289 5.39510542163652
7 56 2855 275.5 FALSE FALSE 1.01980898478953 6.15357116372979
1 12 2889 15.1666666666667 FALSE FALSE 1.00416233090531 1.31692999133202
3 16 2903 25.5 FALSE FALSE 1.00552677029361 1.75500848407125
8 76 2949 500.5 FALSE TRUE 1.02610786671247 8.32220302705628
2 18 2996 31.6666666666667 FALSE FALSE 1.00602611315701 1.96769966793653
1 13 3011.5 17.5 TRUE FALSE 1.00432612312812 1.42033094654556
8 63 3049.5 346.666666666667 TRUE FALSE 1.02087475149105 6.87393253717141
2 23 3092.5 50 TRUE FALSE 1.00746510873093 2.50577819422386
6 64 3136 357.5 FALSE FALSE 1.02061855670103 6.96223782931594
6 44 3190 172.5 FALSE FALSE 1.01388888888889 4.77790604715932
3 36 3230 117.166666666667 FALSE FALSE 1.01120797011208 3.90393938751998
5 24 3260 54.1666666666667 FALSE FALSE 1.00738916256158 2.60006943586711
0 6 3275 4.66666666666667 FALSE FALSE 1.0018337408313 0.649704710396804
0 11 3283.5 13 TRUE FALSE 1.00335570469799 1.19080356350827
2 14 3296 20 FALSE FALSE 1.00425661295227 1.51494637983694
10 64 3335 357.5 FALSE FALSE 1.01937632455344 6.91689277215846
6 55 3394.5 266 TRUE FALSE 1.01633501633502 5.93308334807352
9 88 3466 667.5 FALSE TRUE 1.02571595558153 9.47208971048542
18 116 3568 1150.5 FALSE TRUE 1.03304843304843 12.4477959229966
1 7 3629.5 6 TRUE FALSE 1.0019305019305 0.749810416907735
2 17 3641.5 28.5 TRUE FALSE 1.00467932837875 1.8203240337528
6 47 3673.5 196 TRUE FALSE 1.01287671232877 5.02807662756567
13 106 3750 963 FALSE TRUE 1.028671896132 11.3153814577983
0 2 3804 1 FALSE FALSE 1.00052590060479 0.213178466815577
0 10 3810 11 FALSE FALSE 1.00262812089356 1.06572160605384
3 19 3824.5 35 TRUE FALSE 1.00498034076016 2.02405993647847
17 151 3909.5 1938 TRUE TRUE 1.03938445487741 16.0492083763323
5 31 4000.5 88 TRUE FALSE 1.0077791718946 3.28695065925291
20 161 4096.5 2200.5 TRUE TRUE 1.04008964143426 17.0290244516083
16 121 4237.5 1250.5 TRUE TRUE 1.02896815896576 12.7534662519436
0 1 4298.5 0.5 TRUE FALSE 1.00023266635644 0.105243899070842
3 45 4321.5 180.166666666667 TRUE FALSE 1.01046755059316 4.73339642738051
9 82 4385 581 FALSE TRUE 1.01887661141805 8.61235900962402
12 93 4472.5 744.166666666667 TRUE TRUE 1.02101220063263 9.74771915925623
6 70 4554 426 FALSE FALSE 1.01549015268865 7.32336471965414
4 32 4605 93.5 FALSE FALSE 1.0069731967749 3.34400695547447
8 56 4649 275.5 FALSE FALSE 1.01211858904999 5.84633366513924
1 6 4680 4.66666666666667 FALSE FALSE 1.00128287363695 0.625964369453641
1 13 4689.5 17.5 TRUE FALSE 1.00277599829169 1.35596987797032
6 55 4723.5 266 TRUE FALSE 1.01171209540034 5.7325557610634
6 48 4775 204.166666666667 FALSE FALSE 1.01010313618186 4.99741789799532
1 11 4804.5 13 TRUE FALSE 1.00229214419671 1.14451730259145
4 60 4840 315.166666666667 FALSE FALSE 1.01247401247401 6.23816633385809
5 44 4892 172.5 FALSE FALSE 1.00903490759754 4.56965843770115
7 48 4938 204.166666666667 FALSE FALSE 1.00976800976801 4.98031148041355
2 7 4965.5 6 TRUE FALSE 1.00141072148327 0.725888296833773
1 4 4971 2.5 FALSE FALSE 1.00080499094385 0.414744588369786
8 55 5000.5 266 TRUE FALSE 1.01105972250151 5.69932030002497
5 54 5055 256.666666666667 FALSE FALSE 1.01073985680191 5.58952559346972
0 2 5083 1 FALSE FALSE 1.00039354584809 0.206904374806186
11 95 5131.5 776 TRUE TRUE 1.01868607395751 9.81840417114267
1 12 5185 15.1666666666667 FALSE FALSE 1.00231704962348 1.23891885482772
6 52 5217 238.5 FALSE FALSE 1.01001733769987 5.36527850310551
14 150 5318 1912.66666666667 FALSE TRUE 1.02860957467099 15.4468082796311
2 15 5400.5 22.6666666666667 TRUE FALSE 1.00278138327462 1.54227660865695
0 2 5409 1 FALSE FALSE 1.00036982248521 0.205605131793504
8 50 5435 221 FALSE FALSE 1.00924214417745 5.13760945394074
4 24 5472 54.1666666666667 FALSE FALSE 1.0043956043956 2.4643622182698
11 93 5530.5 744.166666666667 TRUE TRUE 1.01695842450766 9.53930040430043
2 20 5587 38.5 FALSE FALSE 1.00358615743231 2.04933357934885
22 203 5698.5 3485 TRUE TRUE 1.03626943005181 20.7597505683427
21 168 5884 2394.16666666667 FALSE TRUE 1.02896551724138 17.1251594825558
3 40 5988 143.5 FALSE FALSE 1.00670241286863 4.07025239129712
1 18 6017 31.6666666666667 FALSE FALSE 1.00299600532623 1.83073057515605
15 109 6080.5 1017.5 TRUE TRUE 1.01808828410222 11.0744446153516
9 82 6176 581 FALSE TRUE 1.01336593317033 8.31833245322616
12 96 6265 792.166666666667 FALSE TRUE 1.01544153128519 9.72462480884815
3 21 6323.5 42.1666666666667 TRUE FALSE 1.00332646919056 2.12529087831138
7 40 6354 143.5 FALSE FALSE 1.00631512472371 4.04623195108502
3 30 6389 82.6666666666667 FALSE FALSE 1.00470662064638 3.03302799240657
8 99 6453.5 841.666666666667 TRUE TRUE 1.01545908806996 9.99904165484634
0 4 6505 2.5 FALSE FALSE 1.00061510072274 0.403682923837209
0 5 6509.5 3.5 TRUE FALSE 1.00076840325803 0.504565753469478
2 18 6521 31.6666666666667 FALSE FALSE 1.00276412776413 1.81611441193354
0 5 6532.5 3.5 TRUE FALSE 1.00076569678407 0.504392116628765
9 67 6568.5 391 TRUE FALSE 1.01025248661056 6.75513580844802
2 22 6613 46 FALSE FALSE 1.00333232353832 2.21662181687827
16 141 6694.5 1692.16666666667 TRUE TRUE 1.02128623188406 14.1893660370827
3 26 6778 63 FALSE FALSE 1.00384331116038 2.613257297274
2 23 6802.5 50 TRUE FALSE 1.0033868355176 2.31090328391576
5 34 6831 105 FALSE FALSE 1.00498972703258 3.4147122671975
25 206 6951 3588 FALSE TRUE 1.03008177570093 20.653732028048
2 18 7063 31.6666666666667 FALSE FALSE 1.00255174369152 1.80184186283873
2 32 7088 93.5 FALSE FALSE 1.00452488687783 3.20215590656699
1 8 7108 7.5 FALSE FALSE 1.00112612612613 0.80031832770112
3 21 7122.5 42.1666666666667 TRUE FALSE 1.00295275590551 2.10041320374228
5 64 7165 357.5 FALSE FALSE 1.008972381887 6.39751012627016
7 46 7220 188 FALSE FALSE 1.00639155203557 4.5947562358092
3 42 7264 157.666666666667 FALSE FALSE 1.00579870219522 4.19270497486946
7 64 7317 357.5 FALSE FALSE 1.00878517501716 6.38432066931807
13 140 7419 1668.5 FALSE TRUE 1.01905021091305 13.9467614486077
15 100 7539 858.5 FALSE TRUE 1.0133529176125 9.94634145730959
4 47 7612.5 196 TRUE FALSE 1.00619317433127 4.67033303535879
3 22 7647 46 FALSE FALSE 1.00288108957569 2.18515204458845
15 132 7724 1485.16666666667 FALSE TRUE 1.01723687646905 13.0980761652303
3 37 7808.5 123.5 TRUE FALSE 1.00474967907574 3.66754201527021
3 34 7844 105 FALSE FALSE 1.00434393765172 3.36867860850384
3 17 7869.5 28.5 TRUE FALSE 1.00216257473604 1.68380130918217
1 3 7879.5 1.66666666666667 TRUE FALSE 1.0003808073115 0.297106360353609
10 109 7935.5 1017.5 TRUE TRUE 1.01383073214059 10.7874226262666
17 166 8073 2338 FALSE TRUE 1.02077596996245 16.4010883829336
3 21 8166.5 42.1666666666667 TRUE FALSE 1.00257479156449 2.07250739046151
1 5 8179.5 3.5 TRUE FALSE 1.00061147119971 0.493380011615727
8 79 8221.5 540 TRUE FALSE 1.00965534099242 7.79148539925438
1 3 8262.5 1.66666666666667 TRUE FALSE 1.00036315216076 0.295737418843032
12 111 8319.5 1054.66666666667 TRUE TRUE 1.01343175217812 10.9349737905364
3 16 8383 25.5 FALSE FALSE 1.00191044776119 1.57504842756441
0 22 8402 46 FALSE FALSE 1.00262185675128 2.16522180790525
8 70 8448 426 FALSE FALSE 1.00832045643647 6.88569188641225
3 41 8503.5 150.5 TRUE FALSE 1.00483319580337 4.03049060426156
3 16 8532 25.5 FALSE FALSE 1.00187705302675 1.57236429232341
38 309 8694.5 8034.16666666667 TRUE TRUE 1.03618266978923 30.3110765448079
5 57 8877.5 285.166666666667 TRUE FALSE 1.00644140580857 5.58014192910935
4 41 8926.5 150.5 TRUE FALSE 1.00460363799686 4.01164182546086
4 37 8965.5 123.5 TRUE FALSE 1.00413546440148 3.61873974984167
0 3 8985.5 1.66666666666667 TRUE FALSE 1.0003339269813 0.293348649640507
3 22 8998 46 FALSE FALSE 1.00244798041616 2.15093346051765
2 12 9015 15.1666666666667 FALSE FALSE 1.001332001332 1.17302849917473
3 26 9034 63 FALSE FALSE 1.00288216383993 2.54103772056283
4 51 9072.5 229.666666666667 TRUE FALSE 1.00563722781032 4.98229138720853
1 7 9101.5 6 TRUE FALSE 1.0007693998681 0.683635288623464
1 19 9114.5 35 TRUE FALSE 1.00208676551345 1.85532751884705
4 27 9137.5 67.6666666666667 TRUE FALSE 1.00295922840859 2.63587977991983
3 24 9163 54.1666666666667 FALSE FALSE 1.00262266418971 2.34237020638147
1 8 9179 7.5 FALSE FALSE 1.0008719346049 0.780660642613725
12 109 9237.5 1017.5 TRUE TRUE 1.01186975933791 10.6300018960874
4 35 9309.5 111 TRUE FALSE 1.00376668101593 3.41076363768707
4 22 9338 46 FALSE FALSE 1.00235874343304 2.14327796939028
2 38 9368 130 FALSE FALSE 1.0040646058402 3.70089195425965
10 62 9418 336 FALSE FALSE 1.0066048790881 6.03523363356476
3 23 9460.5 50 TRUE FALSE 1.0024341200127 2.2378992956103
10 92 9518 728.5 FALSE TRUE 1.00971283783784 8.94641816562762
1 34 9581 105 FALSE FALSE 1.00355499790882 3.30419705813097
6 43 9619.5 165 TRUE FALSE 1.00448010002084 4.17723255350256
1 2 9642 1 FALSE FALSE 1.00020744736023 0.194246083113057
8 81 9683.5 567.166666666667 TRUE FALSE 1.0083998755574 7.863766356714
2 16 9732 25.5 FALSE FALSE 1.00164541341012 1.5525908490863
9 74 9777 475 FALSE FALSE 1.00759753593429 7.1775764927695
12 106 9867 963 FALSE TRUE 1.01080089667821 10.2723790070052
9 102 9971 892.666666666667 FALSE TRUE 1.01028225806452 9.87486313145268
2 23 10033.5 50 TRUE FALSE 1.00229495110756 2.22535598687477
3 31 10060.5 88 TRUE FALSE 1.00308611249378 2.99862796778052
13 99 10125.5 841.666666666667 TRUE TRUE 1.00982532751092 9.57037952424298
2 11 10180.5 13 TRUE FALSE 1.00108108108108 1.06282730170778
2 31 10201.5 88 TRUE FALSE 1.0030433928922 2.99465145114596
3 31 10232.5 88 TRUE FALSE 1.00303415875502 2.99378822510971
2 13 10254.5 17.5 TRUE FALSE 1.00126854020297 1.25520401658241
5 41 10281.5 150.5 TRUE FALSE 1.00399571191892 3.95772780083234
5 32 10318 93.5 FALSE FALSE 1.00310619297224 3.08791500459847
2 22 10345 46 FALSE FALSE 1.00212889491001 2.12241522824115
4 45 10378.5 180.166666666667 TRUE FALSE 1.00434530706837 4.33998493693343
0 2 10402 1 FALSE FALSE 1.00019228920296 0.192846668199309
14 147 10476.5 1837.66666666667 TRUE TRUE 1.01413053926752 14.164597825986
0 1 10550.5 0.5 TRUE FALSE 1.00009478672986 0.0962934705969474
0 7 10554.5 6 TRUE FALSE 1.0006634442233 0.674031937162454
1 6 10561 4.66666666666667 FALSE FALSE 1.00056828944876 0.577706004529318
4 42 10585 157.666666666667 FALSE FALSE 1.00397576675502 4.04306748557246
9 61 10636.5 325.5 TRUE FALSE 1.00575146143692 5.86937670044108
1 21 10677.5 42.1666666666667 TRUE FALSE 1.00196868847849 2.0198685480284
8 75 10725.5 487.666666666667 TRUE FALSE 1.00701721556886 7.21076230598169
5 71 10798.5 438 TRUE FALSE 1.00659667378984 6.82179074920077
2 14 10841 20 FALSE FALSE 1.00129222817057 1.34464141507192
0 1 10848.5 0.5 TRUE FALSE 1.00009218289086 0.0960395403396888
11 95 10896.5 776 TRUE TRUE 1.00875656742557 9.11996004894831
13 137 11012.5 1598.5 TRUE TRUE 1.0125182748538 13.1387960083134
6 46 11104 188 FALSE FALSE 1.00415124988719 4.40810767683683
3 33 11143.5 99.1666666666667 TRUE FALSE 1.00296575896468 3.16127632026132
1 7 11163.5 6 TRUE FALSE 1.00062724014337 0.670462273423936
3 21 11177.5 42.1666666666667 TRUE FALSE 1.00188054087938 2.01114320191141
6 69 11222.5 414.166666666667 TRUE FALSE 1.00616732213085 6.60555937988306
1 13 11263.5 17.5 TRUE FALSE 1.00115483699032 1.2440930788448
1 7 11273.5 6 TRUE FALSE 1.00062111801242 0.669841046648799
1 8 11281 7.5 FALSE FALSE 1.00070940853064 0.765486237031837
6 57 11313.5 285.166666666667 TRUE FALSE 1.00505095259194 5.45259293152344
3 31 11357.5 88 TRUE FALSE 1.00273320402045 2.96435955450602
8 83 11414.5 595 TRUE FALSE 1.00729798645916 7.93310538841843
2 18 11465 31.6666666666667 FALSE FALSE 1.00157122905028 1.71971796186767
17 194 11571 3185 FALSE TRUE 1.01690779152867 18.5187086960275
3 21 11678.5 42.1666666666667 TRUE FALSE 1.00179979430922 2.00285698339849
4 34 11706 105 FALSE FALSE 1.00290871759774 3.24200675384395
1 13 11729.5 17.5 TRUE FALSE 1.00110893116097 1.23935479360284
13 120 11796 1230.16666666667 FALSE TRUE 1.01022494887526 11.4341456670747
23 193 11952.5 3152.5 TRUE TRUE 1.01627867746289 18.3671898589666
0 1 12049.5 0.5 TRUE FALSE 1.00008299443937 0.0950944562723635
0 4 12052 2.5 FALSE FALSE 1.00033195020747 0.380370556120852
2 30 12069 82.6666666666667 FALSE FALSE 1.00248880039821 2.85240417361274
12 116 12142 1150.5 FALSE TRUE 1.00959947037405 11.0230476872453
5 49 12224.5 212.5 TRUE FALSE 1.00401639344262 4.65333857320843
8 53 12275.5 247.5 TRUE FALSE 1.00432688382725 5.03124175316316
0 4 12304 2.5 FALSE FALSE 1.00032515038205 0.379634420183947
2 29 12320.5 77.5 TRUE FALSE 1.00235657402893 2.75200318642601
0 2 12336 1 FALSE FALSE 1.00016214025132 0.189770733068826
12 111 12392.5 1054.66666666667 TRUE TRUE 1.00899732511956 10.5277791683461
2 20 12458 38.5 FALSE FALSE 1.00160668380463 1.89596122050011
9 63 12499.5 346.666666666667 TRUE FALSE 1.00505293551492 5.9704377590358
3 16 12539 25.5 FALSE FALSE 1.00127683345304 1.51585268302961
4 39 12566.5 136.666666666667 TRUE FALSE 1.00310831274408 3.69413545355155
2 21 12596.5 42.1666666666667 TRUE FALSE 1.00166852057842 1.9887064131583
4 30 12622 82.6666666666667 FALSE FALSE 1.00237963036408 2.84047827746917
0 1 12637.5 0.5 TRUE FALSE 1.00007913270555 0.0946716160976848
15 144 12710 1764.16666666667 FALSE TRUE 1.0113942079443 13.6254280796443
1 10 12787 11 FALSE FALSE 1.00078235017994 0.945676856326145
9 102 12843 892.666666666667 FALSE TRUE 1.00797373358349 9.64197475697415
5 28 12908 72.5 FALSE FALSE 1.00217155266015 2.64557339204589
16 133 12988.5 1507.5 TRUE TRUE 1.01029252437703 12.5592121999002
2 38 13074 130 FALSE FALSE 1.00291076216009 3.5861539585685
2 10 13098 11 FALSE FALSE 1.00076376689834 0.943564675731523
5 55 13130.5 266 TRUE FALSE 1.00419751202015 5.18840002726165
4 22 13169 46 FALSE FALSE 1.00167198662411 2.07479615873194
5 59 13209.5 305 TRUE FALSE 1.00447647951442 5.56263259922184
12 106 13292 963 FALSE TRUE 1.00800664702772 9.98811101634396
0 9 13349.5 9.16666666666667 TRUE FALSE 1.00067440989135 0.847706548104043
1 23 13365.5 50 TRUE FALSE 1.0017223303879 2.16612519296359
6 55 13404.5 266 TRUE FALSE 1.00411153472378 5.17845297367876
1 17 13440.5 28.5 TRUE FALSE 1.00126563430613 1.6002184556794
10 88 13493 667.5 FALSE FALSE 1.00654323741542 8.280457893007
4 54 13564 256.666666666667 FALSE FALSE 1.00398906700155 5.07871901744261
5 47 13614.5 196 TRUE FALSE 1.00345817084836 4.41884880799716
5 52 13664 238.5 FALSE FALSE 1.00381287578824 4.88728631319918
12 74 13727 475 FALSE FALSE 1.00540540540541 6.95201952809271
2 32 13780 93.5 FALSE FALSE 1.00232490555071 3.0052064389597
0 2 13797 1 FALSE FALSE 1.00014496955639 0.187804501382743
4 38 13817 130 FALSE FALSE 1.00275402232208 3.56780874616652
13 104 13888 927.5 FALSE TRUE 1.00751662330153 9.7598745525188
21 244 14062 5022.5 FALSE TRUE 1.01750358680057 22.8718115970703
2 32 14200 93.5 FALSE FALSE 1.00225606316977 2.9968737667275
5 72 14252 450.166666666667 FALSE FALSE 1.00506471581317 6.74068819198374
2 16 14296 25.5 FALSE FALSE 1.00111982082867 1.49750462427642
9 100 14354 858.5 FALSE TRUE 1.00699105145414 9.35592645080578
0 2 14405 1 FALSE FALSE 1.00013885031936 0.187056784624474
1 2 14407 1 FALSE FALSE 1.00013883104262 0.187055105957825
1 10 14413 11 FALSE FALSE 1.00069405885619 0.935237253205514
2 9 14422.5 9.16666666666667 TRUE FALSE 1.00062421972534 0.841663339298066
6 52 14453 238.5 FALSE FALSE 1.00360435294933 4.86199028381407
1 13 14485.5 17.5 TRUE FALSE 1.00089785206161 1.21524621539857
4 45 14514.5 180.166666666667 TRUE FALSE 1.0031051614684 4.20584431219777
0 3 14538.5 1.66666666666667 TRUE FALSE 1.00020636995253 0.28034670516081
8 61 14570.5 325.5 TRUE FALSE 1.00419532324622 5.69922938613172
0 7 14604.5 6 TRUE FALSE 1.00047941921786 0.653869364600041
0 3 14609.5 1.66666666666667 TRUE FALSE 1.00020536692223 0.280221386016592
4 22 14622 46 FALSE FALSE 1.00150571487236 2.05478948281711
3 34 14650 105 FALSE FALSE 1.00232351534204 3.17502885640806
9 79 14706.5 540 TRUE FALSE 1.00538624122179 7.37466031841041
1 6 14749 4.66666666666667 FALSE FALSE 1.00040689000407 0.559951046242531
7 53 14778.5 247.5 TRUE FALSE 1.00359273318872 4.94532847294499
1 12 14811 15.1666666666667 FALSE FALSE 1.00081053698075 1.11947560308795
21 201 14917.5 3417.16666666667 TRUE TRUE 1.01356549908888 18.7387972945273
9 97 15066.5 808.5 TRUE TRUE 1.00645891596751 9.03484664229245
0 3 15116.5 1.66666666666667 TRUE FALSE 1.00019847833278 0.279342666048478
1 10 15123 11 FALSE FALSE 1.0006614631565 0.9311050060453
4 23 15139.5 50 TRUE FALSE 1.0015203595981 2.14132843825132
2 30 15166 82.6666666666667 FALSE FALSE 1.00198006732229 2.79259397131364
3 18 15190 31.6666666666667 FALSE FALSE 1.00118569264212 1.67530945383737
3 40 15219 143.5 FALSE FALSE 1.00263175208895 3.72226127236331
21 152 15315 1963.5 FALSE TRUE 1.00997440776954 14.1364651280883
0 5 15393.5 3.5 TRUE FALSE 1.00032486518095 0.464795891059339
9 88 15440 667.5 FALSE FALSE 1.00571577032996 8.17815649722365
0 6 15487 4.66666666666667 FALSE FALSE 1.00038749677086 0.557445987973324
3 35 15507.5 111 TRUE FALSE 1.00225952227243 3.25136931042152
2 22 15536 46 FALSE FALSE 1.00141706924316 2.04337465445087
3 23 15558.5 50 TRUE FALSE 1.00147938509037 2.13597526136914
0 2 15571 1 FALSE FALSE 1.00012845215157 0.185723238239689
2 11 15577.5 13 TRUE FALSE 1.00070639609556 1.02143841071506
2 29 15597.5 77.5 TRUE FALSE 1.00186100237438 2.69256465085232
11 92 15658 728.5 FALSE FALSE 1.00589290289521 8.5389125685665
16 125 15766.5 1333.5 TRUE TRUE 1.00795975547631 11.5944393305642
4 58 15858 295 FALSE FALSE 1.00366416071767 5.37698019130812
7 68 15921 402.5 FALSE FALSE 1.00428022911815 6.30175868855781
6 53 15981.5 247.5 TRUE FALSE 1.00332184268254 4.90995927515564
0 4 16010 2.5 FALSE FALSE 1.00024987506247 0.37050230492855
0 10 16017 11 FALSE FALSE 1.0006245316013 0.926220561118498
0 8 16026 7.5 FALSE FALSE 1.00049931344401 0.740937631778252
8 58 16059 295 FALSE FALSE 1.00361821584529 5.37078668861523
1 3 16089.5 1.66666666666667 TRUE FALSE 1.00018647439085 0.277750868106978
6 62 16122 336 FALSE FALSE 1.00385308557579 5.73914280065765
6 73 16189.5 462.5 TRUE FALSE 1.00451928434347 6.75478041593874
8 97 16274.5 808.5 TRUE TRUE 1.00597805990386 8.97125732226959
2 24 16335 54.1666666666667 FALSE FALSE 1.00147031795626 2.21893827960093
5 39 16366.5 136.666666666667 TRUE FALSE 1.00238575885484 3.60514202172271
5 48 16410 204.166666666667 FALSE FALSE 1.00292932991578 4.43602846470185
0 3 16435.5 1.66666666666667 TRUE FALSE 1.00018254837532 0.277212225615358
3 25 16449.5 58.5 TRUE FALSE 1.00152095881244 2.30991992796316
11 118 16521 1190 FALSE TRUE 1.00716802332645 10.8985277835855
5 56 16608 275.5 FALSE FALSE 1.00337756332931 5.16971465967322
1 13 16642.5 17.5 TRUE FALSE 1.00078143784564 1.19988386823775
4 32 16665 93.5 FALSE FALSE 1.0019220373596 2.95319265049102
4 27 16694.5 67.6666666666667 TRUE FALSE 1.00161860799712 2.49135697808902
0 12 16714 15.1666666666667 FALSE FALSE 1.00071821881733 1.10715375698146
12 157 16798.5 2093.5 TRUE TRUE 1.00938995215311 14.4785990265013
2 10 16882 11 FALSE FALSE 1.00059252236772 0.921787145485496
8 65 16919.5 368.5 TRUE FALSE 1.00384911470362 5.99041262115725
4 39 16971.5 136.666666666667 TRUE FALSE 1.00230061349693 3.59324443384048
2 27 17004.5 67.6666666666667 TRUE FALSE 1.00158907656995 2.4871893669947
6 32 17034 93.5 FALSE FALSE 1.00188036196968 2.94732030391469
13 145 17122.5 1788.5 TRUE TRUE 1.00850439882698 13.3487412501927
3 26 17208 63 FALSE FALSE 1.00151206746147 2.39248551193282
0 6 17224 4.66666666666667 FALSE FALSE 1.00034841182277 0.552064706022065
13 143 17298.5 1740 TRUE TRUE 1.00830092296976 13.1524024158434
6 44 17392 172.5 FALSE FALSE 1.00253310305124 4.04491398805203
14 108 17468 999.166666666667 FALSE TRUE 1.006201906512 9.92450627170069
0 12 17528 15.1666666666667 FALSE FALSE 1.00068485332725 1.10237914479399
2 29 17548.5 77.5 TRUE FALSE 1.00165392950838 2.6637993323975
10 94 17610 760 FALSE FALSE 1.00535216079258 8.63164680186946
2 14 17664 20 FALSE FALSE 1.00079288667384 1.28520914936553
0 4 17673 2.5 FALSE FALSE 1.00022635957218 0.367185169587174
3 37 17693.5 123.5 TRUE FALSE 1.00209335219236 3.39610829174831
4 35 17729.5 111 TRUE FALSE 1.00197606142728 3.21194132414985
1 3 17748.5 1.66666666666667 TRUE FALSE 1.0001690426551 0.275282876555139
5 70 17785 426 FALSE FALSE 1.00394366197183 6.42206877707758
1 13 17826.5 17.5 TRUE FALSE 1.00072951739618 1.19241787746773
13 123 17894.5 1291.66666666667 TRUE TRUE 1.00689732518365 11.2782250939558
5 28 17970 72.5 FALSE FALSE 1.00155936734239 2.56642779285744
2 10 17989 11 FALSE FALSE 1.00055604982206 0.916492394961551
8 89 18038.5 682.5 TRUE FALSE 1.00494609314216 8.15474330258871
2 35 18100.5 111 TRUE FALSE 1.00193551954875 3.20592939583594
6 27 18131.5 67.6666666666667 TRUE FALSE 1.00149023070979 2.47276566771279
2 32 18161 93.5 FALSE FALSE 1.00176357123174 2.9302527201603
2 15 18184.5 22.6666666666667 TRUE FALSE 1.00082521868295 1.37339630863016
13 109 18246.5 1017.5 TRUE TRUE 1.00599164467898 9.97692864219061
0 4 18303 2.5 FALSE FALSE 1.0002185672914 0.366023549719785
9 84 18347 609.166666666667 FALSE FALSE 1.00458891013384 7.68482870786761
3 32 18405 93.5 FALSE FALSE 1.00174017075426 2.92671847204065
9 76 18459 500.5 FALSE FALSE 1.0041257260735 6.94911686994124
4 39 18516.5 136.666666666667 TRUE FALSE 1.00210845001892 3.56499284825099
2 12 18542 15.1666666666667 FALSE FALSE 1.00064738886491 1.09678490105534
6 106 18601 963 FALSE TRUE 1.00571490187621 9.6854950556899
2 18 18663 31.6666666666667 FALSE FALSE 1.00096494049534 1.64421818050619
9 91 18717.5 713 TRUE FALSE 1.0048736075407 8.31023989224946
0 9 18767.5 9.16666666666667 TRUE FALSE 1.00047966743058 0.821694068519264
5 36 18790 117.166666666667 FALSE FALSE 1.00191774984019 3.28641863786947
3 69 18842.5 414.166666666667 TRUE FALSE 1.0036686516376 6.297378642902
0 15 18884.5 22.6666666666667 TRUE FALSE 1.00079461778884 1.3687227096184
5 46 18915 188 FALSE FALSE 1.00243489307643 4.19680437366424
2 33 18954.5 99.1666666666667 TRUE FALSE 1.00174252825008 3.01018633027229
28 290 19116 7081 FALSE TRUE 1.01528648990565 26.4329761844863
5 50 19286 221 FALSE FALSE 1.00259591921499 4.55378512616085
2 50 19336 221 FALSE FALSE 1.0025891978665 4.55271738189663
1 13 19367.5 17.5 TRUE FALSE 1.00067145292082 1.18353276670382
4 19 19383.5 35 TRUE FALSE 1.00098069577785 1.72964902990884
2 27 19406.5 67.6666666666667 TRUE FALSE 1.00139225493735 2.45766112786487
8 41 19440.5 150.5 TRUE FALSE 1.00211122554068 3.73141687249677
8 52 19487 238.5 FALSE FALSE 1.00267201068804 4.73151644590712
8 74 19550 475 FALSE FALSE 1.00379234356583 6.73136513435429
5 99 19636.5 841.666666666667 TRUE TRUE 1.00505437279828 9.00189008157486
7 57 19714.5 285.166666666667 TRUE FALSE 1.00289545870162 5.18106306798745
0 1 19743.5 0.5 TRUE FALSE 1.0000506508636 0.0908838454340639
7 64 19776 357.5 FALSE FALSE 1.0032414910859 5.81570913293763
4 44 19830 172.5 FALSE FALSE 1.00222132471729 3.997325422931
3 28 19866 72.5 FALSE FALSE 1.00141043723554 2.54333614920256
5 48 19904 204.166666666667 FALSE FALSE 1.00241448692153 4.35926691403279
2 28 19942 72.5 FALSE FALSE 1.00140505820955 2.54246884223357
10 69 19990.5 414.166666666667 TRUE FALSE 1.00345760673482 6.26400325676309
19 169 20109.5 2422.5 TRUE TRUE 1.00843945068664 15.3341146891655
6 67 20227.5 391 TRUE FALSE 1.00331781717342 6.076012075265
3 56 20289 275.5 FALSE FALSE 1.00276393070431 5.07708603958122
11 77 20355.5 513.5 TRUE FALSE 1.00378992961559 6.97894838499451
1 7 20397.5 6 TRUE FALSE 1.00034323820732 0.634332035494936
3 39 20420.5 136.666666666667 TRUE FALSE 1.00191167099652 3.53378114961924
2 35 20457.5 111 TRUE FALSE 1.00171232876712 3.17082878101837
0 1 20475.5 0.5 TRUE FALSE 1.00004884004884 0.090587886045796
1 2 20477 1 FALSE FALSE 1.00009767532721 0.181174738786922
1 2 20479 1 FALSE FALSE 1.00009766578767 0.181173042589762
6 68 20514 402.5 FALSE FALSE 1.0033203125 6.15894275299979
3 23 20559.5 50 TRUE FALSE 1.00111933034845 2.08275922110715
3 54 20598 256.666666666667 FALSE FALSE 1.00262505468864 4.88913731026469
1 3 20626.5 1.66666666666667 TRUE FALSE 1.00014545454545 0.27158530548013
3 38 20647 130 FALSE FALSE 1.00184215629242 3.43977356025243
2 31 20681.5 88 TRUE FALSE 1.00150004838866 2.80571766198864
0 2 20698 1 FALSE FALSE 1.00009663236218 0.181000941058755
17 175 20786.5 2596 TRUE TRUE 1.00845451471086 15.8315512605927
0 1 20874.5 0.5 TRUE FALSE 1.00004790648654 0.0904318815728402
1 4 20877 2.5 FALSE FALSE 1.00019161676647 0.361723313320908
7 65 20911.5 368.5 TRUE FALSE 1.00311317591839 5.87714360678729
2 17 20952.5 28.5 TRUE FALSE 1.00081168831169 1.53682854669933
3 32 20977 93.5 FALSE FALSE 1.00152664472115 2.89255324839314
0 3 20994.5 1.66666666666667 TRUE FALSE 1.00014290477778 0.271156732306281
10 74 21033 475 FALSE FALSE 1.0035244808535 6.68743412256435
0 10 21075 11 FALSE FALSE 1.00047460844803 0.903547356649142
0 6 21083 4.66666666666667 FALSE FALSE 1.00028462998102 0.542109674946005
0 1 21086.5 0.5 TRUE FALSE 1.00004742483164 0.0903503763779554
1 13 21093.5 17.5 TRUE FALSE 1.00061649357424 1.17451875111283
24 237 21218.5 4740.16666666667 TRUE TRUE 1.01123222748815 21.4011043859578
22 206 21440 3588 FALSE TRUE 1.00965459061724 18.584599019799
1 14 21550 20 FALSE FALSE 1.00064986306457 1.26245475858332
11 78 21596 526.666666666667 FALSE FALSE 1.00361831423667 7.03234512629342
13 137 21703.5 1598.5 TRUE TRUE 1.00633233186966 12.3462332690033
4 41 21792.5 150.5 TRUE FALSE 1.00188315267316 3.69350615833855
15 161 21893.5 2200.5 TRUE TRUE 1.00738091963508 14.4978068099385
9 67 22007.5 391 TRUE FALSE 1.00304905797761 6.03047639591523
1 14 22048 20 FALSE FALSE 1.00063517989202 1.25989211204478
8 65 22087.5 368.5 TRUE FALSE 1.00294717751077 5.84856267306259
3 16 22128 25.5 FALSE FALSE 1.00072332730561 1.43941272362872
8 97 22184.5 808.5 TRUE FALSE 1.00438200216841 8.72446563800531
1 21 22243.5 42.1666666666667 TRUE FALSE 1.00094454189718 1.88835418108783
7 47 22277.5 196 TRUE FALSE 1.00211197986879 4.22574641571646
2 12 22307 15.1666666666667 FALSE FALSE 1.00053809246222 1.0787864581157
1 32 22329 93.5 FALSE FALSE 1.00143414153184 2.87651748498456
3 25 22357.5 58.5 TRUE FALSE 1.00111881852763 2.24702155318664
3 33 22386.5 99.1666666666667 TRUE FALSE 1.00147518998659 2.96573175658568
5 65 22435.5 368.5 TRUE FALSE 1.00290139713431 5.84045589519337
18 175 22555.5 2596 TRUE TRUE 1.00778885526082 15.7168533958065
1 18 22652 31.6666666666667 FALSE FALSE 1.00079494766595 1.61597742097138
12 103 22712.5 910 TRUE TRUE 1.00454525396055 9.24479596427318
3 21 22774.5 42.1666666666667 TRUE FALSE 1.00092250922509 1.88440597216368
4 65 22817.5 368.5 TRUE FALSE 1.00285275400483 5.83171092995508
8 76 22888 500.5 FALSE FALSE 1.00332603938731 6.81675392776242
5 49 22950.5 212.5 TRUE FALSE 1.00213731134956 4.39394973693788
21 188 23069 2992.5 FALSE TRUE 1.00818280739935 16.8507476602226
3 32 23179 93.5 FALSE FALSE 1.00138151362086 2.86700207549302
5 54 23222 256.666666666667 FALSE FALSE 1.00232808794999 4.83727677848037
5 46 23272 188 FALSE FALSE 1.00197857972386 4.11985673772006
2 22 23306 46 FALSE FALSE 1.00094440867139 1.97011275479053
8 88 23361 667.5 FALSE FALSE 1.00377407042072 7.87880907088493
6 102 23456 892.666666666667 FALSE TRUE 1.00435804315317 9.1289706336006
9 63 23538.5 346.666666666667 TRUE FALSE 1.00268005275024 5.6367348060453
34 314 23727 8295 FALSE TRUE 1.01332201951633 28.0744421138302
3 17 23892.5 28.5 TRUE FALSE 1.00071177357227 1.51902082265315
4 48 23925 204.166666666667 FALSE FALSE 1.00200828417221 4.28848337377121
3 29 23963.5 77.5 TRUE FALSE 1.00121090650967 2.59058897621253
1 8 23982 7.5 FALSE FALSE 1.00033363916924 0.714596556819288
3 31 24001.5 88 TRUE FALSE 1.00129242057867 2.76886301257582
14 95 24064.5 776 TRUE FALSE 1.00395553149852 8.48326434617275
3 24 24124 54.1666666666667 FALSE FALSE 1.00099535500995 2.14267401566713
2 28 24150 72.5 FALSE FALSE 1.00116009280742 2.49955019431491
1 10 24169 11 FALSE FALSE 1.00041383876842 0.892634790870034
5 53 24200.5 247.5 TRUE FALSE 1.0021924381567 4.73041845168609
2 17 24235.5 28.5 TRUE FALSE 1.00070169645437 1.51710986268563
2 20 24254 38.5 FALSE FALSE 1.00082494637849 1.78471699237298
8 115 24321.5 1131 TRUE TRUE 1.00473953181668 10.2596129957005
13 144 24451 1764.16666666667 FALSE TRUE 1.0059067229993 12.8407958173166
2 19 24532.5 35 TRUE FALSE 1.00077478285691 1.69377497325286
2 17 24550.5 28.5 TRUE FALSE 1.00069269008231 1.51538479663077
7 113 24615.5 1092.5 TRUE TRUE 1.00460116454253 10.0705060529594
4 25 24684.5 58.5 TRUE FALSE 1.00101329442283 2.22744155668988
1 32 24713 93.5 FALSE FALSE 1.00129570393165 2.85083284067105
0 2 24730 1 FALSE FALSE 1.00008087670347 0.178166306022376
1 13 24737.5 17.5 TRUE FALSE 1.0005256560592 1.15804988084574
4 47 24767.5 196 TRUE FALSE 1.00189945037181 4.18634927832136
4 35 24808.5 111 TRUE FALSE 1.00141180267032 3.11704128118208
10 109 24880.5 1017.5 TRUE TRUE 1.00439055828567 9.70487943928947
2 29 24949.5 77.5 TRUE FALSE 1.00116302386204 2.58140340920636
5 45 24986.5 180.166666666667 TRUE FALSE 1.00180259573786 4.00510656737697
4 28 25023 72.5 FALSE FALSE 1.0011195969451 2.49174453789055
2 46 25060 188 FALSE FALSE 1.00183728082438 4.0930494080294
13 109 25137.5 1017.5 TRUE TRUE 1.00434557269864 9.69612281752916
0 5 25194.5 3.5 TRUE FALSE 1.00019847570657 0.444687814848749
0 1 25197.5 0.5 TRUE FALSE 1.00003968726436 0.0889365304719831
4 46 25221 188 FALSE FALSE 1.00182554170966 4.09074781597565
0 1 25244.5 0.5 TRUE FALSE 1.00003961337347 0.0889219808841517
0 1 25245.5 0.5 TRUE FALSE 1.00003961180432 0.0889217141166228
15 147 25319.5 1837.66666666667 TRUE TRUE 1.00582270458687 13.0681390733607
4 50 25418 221 FALSE FALSE 1.00196904658764 4.44343043788331
1 7 25446.5 6 TRUE FALSE 1.00027512478874 0.622018237892462
8 110 25505 1036 FALSE TRUE 1.00432220039293 9.77261078753145
5 34 25577 105 FALSE FALSE 1.00133020344288 3.01987498200606
2 12 25600 15.1666666666667 FALSE FALSE 1.00046885988904 1.06575438687014
1 13 25612.5 17.5 TRUE FALSE 1.00050769350933 1.15451925381876
3 22 25630 46 FALSE FALSE 1.00085873765565 1.95368351712386
2 18 25650 31.6666666666667 FALSE FALSE 1.000702000702 1.59835751324999
3 23 25670.5 50 TRUE FALSE 1.00089637164348 2.04220391491117
2 22 25693 46 FALSE FALSE 1.0008566311035 1.95326402891806
7 72 25740 450.166666666667 FALSE FALSE 1.00280112044818 6.39147319204494
7 80 25816 553.5 FALSE FALSE 1.00310366232154 7.09980106140711
1 16 25864 25.5 FALSE FALSE 1.00061881188119 1.41972858996814
3 31 25887.5 88 TRUE FALSE 1.00119820655535 2.75050361001831
3 29 25917.5 77.5 TRUE FALSE 1.00111956144076 2.57279172336803
1 1 25932.5 0.5 TRUE FALSE 1.00003856239395 0.0887123892694035
2 14 25940 20 FALSE FALSE 1.00053985269734 1.24194279708672
0 2 25948 1 FALSE FALSE 1.00007708020195 0.177415595168441
9 80 25989 553.5 FALSE FALSE 1.00308297044202 7.09564202448018
0 6 26032 4.66666666666667 FALSE FALSE 1.0002305121211 0.532095834419579
17 185 26127.5 2898.5 TRUE TRUE 1.00710581908969 16.4010369008342
1 7 26223.5 6 TRUE FALSE 1.00026697177727 0.620380001280864
0 8 26231 7.5 FALSE FALSE 1.00030502916841 0.708988666939149
6 49 26259.5 212.5 TRUE FALSE 1.00186773394321 4.34214651735465
5 51 26309.5 229.666666666667 TRUE FALSE 1.00194034393547 4.51862005372777
3 31 26350.5 88 TRUE FALSE 1.0011771406873 2.74623956069672
0 2 26367 1 FALSE FALSE 1.00007585526815 0.177166775083151
15 136 26436 1575.5 FALSE TRUE 1.00515776699029 12.0445896547972
0 7 26507.5 6 TRUE FALSE 1.00026411107757 0.619795164253446
4 56 26539 275.5 FALSE FALSE 1.00211233073064 4.95785209375435
1 18 26576 31.6666666666667 FALSE FALSE 1.00067753227688 1.59339989838963
4 54 26612 256.666666666667 FALSE FALSE 1.00203122061313 4.77963245519277
6 53 26665.5 247.5 TRUE FALSE 1.00198956417283 4.69030284008568
5 24 26704 54.1666666666667 FALSE FALSE 1.00089914581148 2.12364153397675
9 86 26759 638 FALSE FALSE 1.00321904476718 7.60834257907709
1 17 26810.5 28.5 TRUE FALSE 1.0006342810238 1.50372312782292
2 18 26828 31.6666666666667 FALSE FALSE 1.00067116596443 1.59208510259805
20 184 26929 2867.5 FALSE TRUE 1.00685620598428 16.2693065580429
2 36 27039 117.166666666667 FALSE FALSE 1.00133229710225 3.18199353187674
7 47 27080.5 196 TRUE FALSE 1.00173707358539 4.15371328258334
4 45 27126.5 180.166666666667 TRUE FALSE 1.00166027154664 3.97636822057166
0 20 27159 38.5 FALSE FALSE 1.00073667538399 1.76709127327968
6 83 27210.5 595 TRUE FALSE 1.00305495233538 7.33221547847916
10 114 27309 1111.66666666667 FALSE TRUE 1.0041831792162 10.0675767864554
1 15 27373.5 22.6666666666667 TRUE FALSE 1.00054812541109 1.32440889636791
3 42 27402 157.666666666667 FALSE FALSE 1.00153391037581 3.70800406922353
4 33 27439.5 99.1666666666667 TRUE FALSE 1.00120336943442 2.91308502736047
1 8 27460 7.5 FALSE FALSE 1.00029137529138 0.706156405728507
2 18 27473 31.6666666666667 FALSE FALSE 1.00065540343723 1.58878693653605
2 44 27504 172.5 FALSE FALSE 1.00160104795866 3.88332348293352
10 119 27585.5 1210 TRUE TRUE 1.00432318535203 10.4999122121021
3 38 27664 130 FALSE FALSE 1.00137457044674 3.35207794385087
10 71 27718.5 438 TRUE FALSE 1.00256475093017 6.26202053840234
17 150 27829 1912.66666666667 FALSE TRUE 1.00540462636016 13.2250298299623
0 10 27909 11 FALSE FALSE 1.00035837155963 0.881449081025949
6 42 27935 157.666666666667 FALSE FALSE 1.00150462133696 3.70178360992668
11 123 28017.5 1291.66666666667 TRUE TRUE 1.00439977106882 10.8381548190937
6 34 28096 105 FALSE FALSE 1.00121086933295 2.99518208746213
19 248 28237 5187.5 FALSE TRUE 1.00882154163554 21.8377064363326
1 30 28376 82.6666666666667 FALSE FALSE 1.00105779062797 2.6405294916126
4 29 28405.5 77.5 TRUE FALSE 1.00102145045965 2.55228165968447
2 15 28427.5 22.6666666666667 TRUE FALSE 1.00052779732583 1.32005632021037
1 4 28437 2.5 FALSE FALSE 1.0001406717074 0.35200470385962
3 38 28458 130 FALSE FALSE 1.00133619325574 3.34383133837355
2 26 28490 63 FALSE FALSE 1.00091301752291 2.28766103897988
2 33 28519.5 99.1666666666667 TRUE FALSE 1.00115777286601 2.90330813511855
7 42 28557 157.666666666667 FALSE FALSE 1.00147182506308 3.69469484248384
1 6 28581 4.66666666666667 FALSE FALSE 1.00020995171111 0.527775197178016
4 30 28599 82.6666666666667 FALSE FALSE 1.00104953820319 2.63873176227116
2 10 28619 11 FALSE FALSE 1.00034947927588 0.879523340346168
4 27 28637.5 67.6666666666667 TRUE FALSE 1.00094326439352 2.37457953784497
4 26 28664 63 FALSE FALSE 1.00090747268856 2.28644863624277
3 33 28693.5 99.1666666666667 TRUE FALSE 1.00115074798619 2.9017724993696
9 90 28755 697.666666666667 FALSE FALSE 1.00313479623824 7.91245760961829
3 26 28813 63 FALSE FALSE 1.00090277777778 2.28541903930636
2 27 28839.5 67.6666666666667 TRUE FALSE 1.00093665440921 2.37312950589649
3 19 28862.5 35 TRUE FALSE 1.0006585103802 1.66986632484532
9 110 28927 1036 FALSE TRUE 1.00380991964533 9.665764283714
0 18 28991 31.6666666666667 FALSE FALSE 1.00062107515009 1.58136950316839
13 134 29067 1530 FALSE TRUE 1.00462068965517 11.7697249721532
15 145 29206.5 1788.5 TRUE TRUE 1.00497700281458 12.7306085708969
7 65 29311.5 368.5 TRUE FALSE 1.00222002117559 5.70504784461264
2 27 29357.5 67.6666666666667 TRUE FALSE 1.00092011995638 2.36946743692124
3 24 29383 54.1666666666667 FALSE FALSE 1.00081713254571 2.10603620723032
0 3 29396.5 1.66666666666667 TRUE FALSE 1.00010205817316 0.263243773264549
3 20 29408 38.5 FALSE FALSE 1.00068031838901 1.75489894925067
4 27 29431.5 67.6666666666667 TRUE FALSE 1.00091780542525 2.36894789256667
1 21 29455.5 42.1666666666667 TRUE FALSE 1.00071319409068 1.84238485072183
1 14 29473 20 FALSE FALSE 1.00047512387158 1.22819424997033
4 53 29506.5 247.5 TRUE FALSE 1.00179782903663 4.6491312914427
4 41 29553.5 150.5 TRUE FALSE 1.00138827752006 3.59600315201715
11 135 29641.5 1552.66666666667 TRUE TRUE 1.0045648204504 11.8374447520014
0 2 29710 1 FALSE FALSE 1.00006731966744 0.17533448550148
6 72 29747 450.166666666667 FALSE FALSE 1.0024233448891 6.31136826211105
3 44 29805 172.5 FALSE FALSE 1.0014773528523 3.85629300906294
3 25 29839.5 58.5 TRUE FALSE 1.00083816676166 2.19085671537186
6 68 29886 402.5 FALSE FALSE 1.00227790432802 5.9583202768099
1 6 29923 4.66666666666667 FALSE FALSE 1.00020053475936 0.525677860303858
5 81 29966.5 567.166666666667 TRUE FALSE 1.00270667646862 7.09576409795227
8 86 30050 638 FALSE FALSE 1.00286599793382 7.53195367395074
16 145 30165.5 1788.5 TRUE TRUE 1.00481839630479 12.6950081623031
11 104 30290 927.5 FALSE FALSE 1.00343938091144 9.1021440106565
5 61 30372.5 325.5 TRUE FALSE 1.00201041460682 5.33750185107692
3 51 30428.5 229.666666666667 TRUE FALSE 1.00167746603954 4.46178871308712
0 4 30456 2.5 FALSE FALSE 1.00013134563604 0.349917106932935
2 24 30470 54.1666666666667 FALSE FALSE 1.00078797031978 2.09941850640689
5 45 30504.5 180.166666666667 TRUE FALSE 1.00147628108392 3.93602616521639
1 10 30532 11 FALSE FALSE 1.00032757886461 0.874603952692269
1 2 30538 1 FALSE FALSE 1.00006549431837 0.174917906886549
0 3 30540.5 1.66666666666667 TRUE FALSE 1.00009823504371 0.262374864436879
0 8 30546 7.5 FALSE FALSE 1.00026193438544 0.699655704483121
1 3 30551.5 1.66666666666667 TRUE FALSE 1.00009819967267 0.262366990781629
2 19 30562.5 35 TRUE FALSE 1.00062187019278 1.66160536704183
0 4 30574 2.5 FALSE FALSE 1.00013083867591 0.349800165784018
14 137 30644.5 1598.5 TRUE TRUE 1.00448063840921 11.9782678046331
4 62 30744 336 FALSE FALSE 1.00201868915443 5.41930478505947
9 82 30816 581 FALSE FALSE 1.00266450040617 7.16601413672242
1 11 30862.5 13 TRUE FALSE 1.00035648313187 0.961169519096984
6 66 30901 379.666666666667 FALSE FALSE 1.00213813658157 5.76639775336071
13 139 31003.5 1645 TRUE TRUE 1.00449343764143 12.140910145346
10 95 31120.5 776 TRUE FALSE 1.00305731664146 8.29504424550942
6 51 31193.5 229.666666666667 TRUE FALSE 1.0016362936345 4.45222880559459
11 95 31266.5 776 TRUE FALSE 1.00304301867453 8.29170811198173
0 2 31315 1 FALSE FALSE 1.00006386919589 0.174538616792233
1 4 31318 2.5 FALSE FALSE 1.00012773023375 0.349074428499989
4 32 31336 93.5 FALSE FALSE 1.00102171136654 2.79245677472909
3 38 31371 130 FALSE FALSE 1.00121204388875 3.31572290545864
3 77 31428.5 513.5 TRUE FALSE 1.0024530105129 6.7176457056089
7 51 31492.5 229.666666666667 TRUE FALSE 1.00162074554295 4.4485661521735
3 25 31530.5 58.5 TRUE FALSE 1.00079319753791 2.1804424722618
2 24 31555 54.1666666666667 FALSE FALSE 1.00076086611927 2.09308508585536
4 40 31587 143.5 FALSE FALSE 1.00126714607026 3.48817045772921
5 59 31636.5 305 TRUE FALSE 1.00186667510362 5.1443621314761
17 194 31763 3185 FALSE TRUE 1.00612644476726 16.9095401704203
1 21 31870.5 42.1666666666667 TRUE FALSE 1.00065913370998 1.82988178463756
3 39 31900.5 136.666666666667 TRUE FALSE 1.00122329914369 3.39807284213248
9 116 31978 1150.5 FALSE TRUE 1.00363408521303 10.1049834120722
6 41 32056.5 150.5 TRUE FALSE 1.00127981021351 3.57083626859185
3 26 32090 63 FALSE FALSE 1.00081054961499 2.26422760159994
1 15 32110.5 22.6666666666667 TRUE FALSE 1.00046724605177 1.30621326637311
1 11 32123.5 13 TRUE FALSE 1.0003424870789 0.957856591599011
3 36 32147 117.166666666667 FALSE FALSE 1.00112048305269 3.13460505835201
11 99 32214.5 841.666666666667 TRUE FALSE 1.00307787968289 8.61860485772604
0 18 32273 31.6666666666667 FALSE FALSE 1.00055789734689 1.56677529598119
15 104 32334 927.5 FALSE FALSE 1.0032216095657 9.05100689542587
2 26 32399 63 FALSE FALSE 1.00080281603162 2.26235993658156
7 78 32451 526.666666666667 FALSE FALSE 1.00240651610515 6.78614951176723
2 7 32493.5 6 TRUE FALSE 1.00021545090797 0.608944678446733
10 84 32539 609.166666666667 FALSE FALSE 1.00258485398652 7.30645619674624
2 26 32594 63 FALSE FALSE 1.00079801111077 2.26119298621734
4 28 32621 72.5 FALSE FALSE 1.00085871131966 2.43495855256378
0 4 32637 2.5 FALSE FALSE 1.00012256779531 0.347836460266535
2 23 32650.5 50 TRUE FALSE 1.00070467845216 1.99998868568582
3 49 32686.5 212.5 TRUE FALSE 1.00150021431633 4.2604404379731
4 53 32737.5 247.5 TRUE FALSE 1.00162025006878 4.60761737026814
5 35 32781.5 111 TRUE FALSE 1.00106824563545 3.04241337414805
2 19 32808.5 35 TRUE FALSE 1.00057928595384 1.65148011999418
12 136 32886 1575.5 FALSE TRUE 1.00414406728015 11.8187204087449
4 31 32969.5 88 TRUE FALSE 1.00094070522547 2.69338528093249
5 43 33006.5 165 TRUE FALSE 1.00130362285888 3.7356249954637
2 10 33033 11 FALSE FALSE 1.00030277340438 0.868690970398347
19 190 33133 3056 FALSE TRUE 1.00575095344755 16.5008318894056
1 58 33257 295 FALSE FALSE 1.00174551583002 5.03548429174316
17 130 33351 1441 FALSE TRUE 1.00390554587514 11.2836939227795
1 27 33429.5 67.6666666666667 TRUE FALSE 1.0008079961695 2.34306330524942
3 29 33457.5 77.5 TRUE FALSE 1.00086714708609 2.51644173822251
4 39 33491.5 136.666666666667 TRUE FALSE 1.00116515296367 3.38388640504309
1 13 33517.5 17.5 TRUE FALSE 1.00038793232073 1.12788741435497
3 34 33541 105 FALSE FALSE 1.00101419878296 2.94967989930819
7 41 33578.5 150.5 TRUE FALSE 1.00122176530187 3.55662643007236
12 116 33657 1150.5 FALSE TRUE 1.00345248370487 10.0606360162842
3 35 33732.5 111 TRUE FALSE 1.00103811359929 3.03495390574335
1 4 33752 2.5 FALSE FALSE 1.00011851851852 0.346834672266141
4 25 33766.5 58.5 TRUE FALSE 1.00074065295965 2.1676369533543
6 60 33809 315.166666666667 FALSE FALSE 1.00177625151721 5.20176694659631
13 141 33909.5 1692.16666666667 TRUE TRUE 1.00416678979875 12.2210458087611
10 155 34057.5 2041 TRUE TRUE 1.00456150676869 13.4294763046091
4 28 34149 72.5 FALSE FALSE 1.00082027244763 2.42541071175856
0 3 34164.5 1.66666666666667 TRUE FALSE 1.00008781430202 0.259855400993274
1 9 34170.5 9.16666666666667 TRUE FALSE 1.00026341977404 0.779555030297615
3 40 34195 143.5 FALSE FALSE 1.00117044623263 3.46447398164764
15 123 34276.5 1291.66666666667 TRUE TRUE 1.00359491451118 10.6510953837219
14 153 34414.5 1989.16666666667 TRUE TRUE 1.0044557050498 13.244355729822
8 74 34528 475 FALSE FALSE 1.00214548722855 6.40396262201875
0 1 34565.5 0.5 TRUE FALSE 1.00002893099957 0.0865319868294137
3 34 34583 105 FALSE FALSE 1.00098362552798 2.9419597872452
3 23 34611.5 50 TRUE FALSE 1.00066473988439 1.99000936635912
8 74 34660 475 FALSE FALSE 1.00213730757011 6.40187022193231
2 28 34711 72.5 FALSE FALSE 1.00080698619477 2.42202578354454
1 4 34727 2.5 FALSE FALSE 1.00011519078474 0.345990054361664
6 68 34763 402.5 FALSE FALSE 1.00195801779493 5.88130596926885
2 31 34812.5 88 TRUE FALSE 1.00089088139782 2.68085835222064
4 40 34848 143.5 FALSE FALSE 1.00114850120593 3.45887056187439
3 21 34878.5 42.1666666666667 TRUE FALSE 1.00060227142365 1.81577063047189
7 88 34933 667.5 FALSE FALSE 1.00252228496088 7.60793248158507
3 70 35012 426 FALSE FALSE 1.00200131514996 6.05059927975117
10 67 35080.5 391 TRUE FALSE 1.00191171854938 5.79031413487019
20 213 35220.5 3834.16666666667 TRUE TRUE 1.00606595659851 18.4017568464346
1 25 35339.5 58.5 TRUE FALSE 1.00070767401704 2.15920845341952
19 182 35443 2806 FALSE TRUE 1.00514822358 15.7151090948923
2 11 35539.5 13 TRUE FALSE 1.00030956267237 0.949593618894141
0 12 35551 15.1666666666667 FALSE FALSE 1.00033760022507 1.03589282934854
0 4 35559 2.5 FALSE FALSE 1.00011249542987 0.345290808879327
6 42 35582 157.666666666667 FALSE FALSE 1.00118106914879 3.62535333605183
3 114 35660 1111.66666666667 FALSE TRUE 1.00320197736146 9.8384024218476
2 14 35724 20 FALSE FALSE 1.00039197021026 1.2080400654304
8 87 35774.5 652.666666666667 TRUE FALSE 1.00243486048529 7.50620250210659
10 97 35866.5 808.5 TRUE FALSE 1.00270813557429 8.36715133907956
0 2 35916 1 FALSE FALSE 1.00005568703884 0.172498210112281
9 82 35958 581 FALSE FALSE 1.00228304145669 7.07172151779923
1 10 36004 11 FALSE FALSE 1.00027778549404 0.862311580925052
8 78 36048 526.666666666667 FALSE FALSE 1.00216612513538 6.7253296224535
0 5 36089.5 3.5 TRUE FALSE 1.00013855404993 0.431068388414587
12 143 36163.5 1740 TRUE TRUE 1.00396209686357 12.3264022273529
9 79 36274.5 540 TRUE FALSE 1.00218021250172 6.80791419360867
3 31 36329.5 88 TRUE FALSE 1.00085366525307 2.67111654525024
1 8 36349 7.5 FALSE FALSE 1.00022011280781 0.689288368371763
1 26 36366 63 FALSE FALSE 1.00071520919869 2.24009828068711
0 2 36380 1 FALSE FALSE 1.00005497677231 0.172309596209288
1 5 36383.5 3.5 TRUE FALSE 1.00013743437509 0.430770349805243
8 95 36433.5 776 TRUE FALSE 1.00261089430001 8.18367916436546
10 93 36527.5 744.166666666667 TRUE FALSE 1.0025492722239 8.00963604724348
4 50 36599 221 FALSE FALSE 1.00136709137639 4.3055393794607
5 48 36648 204.166666666667 FALSE FALSE 1.00131061598952 4.13284512235668
6 46 36695 188 FALSE FALSE 1.00125436300175 3.96021137524531
11 93 36764.5 744.166666666667 TRUE FALSE 1.0025328176916 8.00522692470622
1 19 36820.5 35 TRUE FALSE 1.00051615006384 1.63526516733782
1 10 36835 11 FALSE FALSE 1.00027151778441 0.860636325742234
7 65 36872.5 368.5 TRUE FALSE 1.00176438653637 5.5936529194355
5 36 36923 117.166666666667 FALSE FALSE 1.00097547757756 3.0976617609881
5 61 36971.5 325.5 TRUE FALSE 1.00165128177364 5.24823105583664
2 14 37009 20 FALSE FALSE 1.0003783579266 1.20440789179156
2 8 37020 7.5 FALSE FALSE 1.00021612275773 0.68821568655494
1 16 37032 25.5 FALSE FALSE 1.00043215211755 1.37639407244706
5 67 37073.5 391 TRUE FALSE 1.00180885529158 5.76310071150328
4 61 37137.5 325.5 TRUE FALSE 1.00164389468294 5.24623366351625
5 41 37188.5 150.5 TRUE FALSE 1.00110309944038 3.52574340767615
3 39 37228.5 136.666666666667 TRUE FALSE 1.00104813351608 3.3534490265406
1 15 37255.5 22.6666666666667 TRUE FALSE 1.00040270618557 1.28970883138436
1 10 37268 11 FALSE FALSE 1.00026836271905 0.85978117903187
1 22 37284 46 FALSE FALSE 1.00059023958361 1.89144977454453
4 26 37308 63 FALSE FALSE 1.00069714438933 2.23522945194691
12 130 37386 1441 FALSE TRUE 1.00348329358806 11.174154826424
4 42 37472 157.666666666667 FALSE FALSE 1.00112146538143 3.60940636443456
5 37 37511.5 123.5 TRUE FALSE 1.00098685087883 3.17942993138604
1 15 37537.5 22.6666666666667 TRUE FALSE 1.0003996802558 1.28888252676961
21 221 37655.5 4125.5 TRUE TRUE 1.00588626980956 18.9844733900704
0 4 37768 2.5 FALSE FALSE 1.00010591537362 0.343523192584144
2 14 37777 20 FALSE FALSE 1.00037066454858 1.20230772815421
4 48 37808 204.166666666667 FALSE FALSE 1.0012703789964 4.12190911843209
2 22 37843 46 FALSE FALSE 1.00058151829139 1.88906116996031
0 3 37855.5 1.66666666666667 TRUE FALSE 1.00007925186242 0.257591800122555
10 128 37921 1397.5 FALSE TRUE 1.00338114483451 10.9889723415167
5 42 38006 157.666666666667 FALSE FALSE 1.00110569961827 3.60507190190356
2 20 38037 38.5 FALSE FALSE 1.00052594209378 1.71658193047733
5 80 38087 553.5 FALSE FALSE 1.00210266249639 6.86555927739801
4 53 38153.5 247.5 TRUE FALSE 1.00139009101162 4.54775928586696
2 12 38186 15.1666666666667 FALSE FALSE 1.00031430068098 1.0296070375266
2 19 38201.5 35 TRUE FALSE 1.00049748638458 1.63015671420044
4 35 38228.5 111 TRUE FALSE 1.00091596660647 3.00273868835893
1 20 38256 38.5 FALSE FALSE 1.00052293050254 1.71574492256241
13 111 38321.5 1054.66666666667 TRUE FALSE 1.00290074739978 9.52100637372314
2 60 38407 315.166666666667 FALSE FALSE 1.00156343643328 5.14551673527149
5 25 38449.5 58.5 TRUE FALSE 1.00065041496475 2.14376446698816
0 6 38465 4.66666666666667 FALSE FALSE 1.00015599812802 0.514485652785424
0 21 38478.5 42.1666666666667 TRUE FALSE 1.00054590828741 1.80064700461844
3 69 38523.5 414.166666666667 TRUE FALSE 1.00179271999792 5.91582351505258
3 25 38570.5 58.5 TRUE FALSE 1.00064837387831 2.1431924963249
21 174 38670 2566.66666666667 FALSE TRUE 1.00450975818366 14.9133661762198
8 98 38806 825 FALSE FALSE 1.00252857548314 8.39698375285798
7 66 38888 379.666666666667 FALSE FALSE 1.00169862308583 5.65409734102332
2 18 38930 31.6666666666667 FALSE FALSE 1.00046247527042 1.54188604362571
0 9 38943.5 9.16666666666667 TRUE FALSE 1.00023113074296 0.770920173710238
4 36 38966 117.166666666667 FALSE FALSE 1.00092430933552 3.08352976994638
7 101 39034.5 875.5 TRUE FALSE 1.00259080648471 8.64972802784223
5 29 39099.5 77.5 TRUE FALSE 1.00074197262377 2.48323574582537
0 3 39115.5 1.66666666666667 TRUE FALSE 1.0000766988802 0.256877470014842
3 33 39133.5 99.1666666666667 TRUE FALSE 1.00084362297722 2.82554253314311
0 1 39150.5 0.5 TRUE FALSE 1.00002554278416 0.0856193813165191
0 5 39153.5 3.5 TRUE FALSE 1.00012771065873 0.428093935243851
11 79 39195.5 540 TRUE FALSE 1.00201757074267 6.76327081193358
3 30 39250 82.6666666666667 FALSE FALSE 1.00076462342296 2.56802820726125
13 132 39331 1485.16666666667 FALSE TRUE 1.00336177257099 11.2973535831761
0 8 39401 7.5 FALSE FALSE 1.00020306114679 0.684584933597762
6 56 39433 275.5 FALSE FALSE 1.00142113944931 4.79176685063339
22 268 39595 6052.5 FALSE TRUE 1.0067915156737 22.9240785719244
19 158 39808 2120 FALSE TRUE 1.00397694379421 13.5088038327613
0 9 39891.5 9.16666666666667 TRUE FALSE 1.00022563742573 0.769352852179509
4 64 39928 357.5 FALSE FALSE 1.00160417084419 5.47052909185095
17 174 40047 2566.66666666667 FALSE TRUE 1.00435435435435 14.8692577313536
2 20 40144 38.5 FALSE FALSE 1.00049833059252 1.70876047852062
0 6 40157 4.66666666666667 FALSE FALSE 1.00014942471485 0.512614172495887
0 1 40160.5 0.5 TRUE FALSE 1.00002490039841 0.0854350480494759
5 37 40179.5 123.5 TRUE FALSE 1.0009212918005 3.1609703256172
0 14 40205 20 FALSE FALSE 1.00034827603363 1.19597912670451
5 58 40241 295 FALSE FALSE 1.00144235551577 4.95439614375391
1 7 40273.5 6 TRUE FALSE 1.00017382666998 0.597903576493536
2 26 40290 63 FALSE FALSE 1.00064552970678 2.22070805440853
0 30 40318 82.6666666666667 FALSE FALSE 1.00074436146193 2.56220536590945
5 61 40363.5 325.5 TRUE FALSE 1.00151240919346 5.20931930781444
5 66 40427 379.666666666667 FALSE FALSE 1.00163390602565 5.63556424316084
5 44 40482 172.5 FALSE FALSE 1.00108749382106 3.75661105913787
12 129 40568.5 1419.16666666667 TRUE TRUE 1.00318487063006 11.0117179687441
2 24 40645 54.1666666666667 FALSE FALSE 1.00059065291758 2.04836550084383
3 47 40680.5 196 TRUE FALSE 1.00115601249477 4.01108697551217
10 115 40761.5 1131 TRUE TRUE 1.00282527515723 9.81271516134575
2 20 40829 38.5 FALSE FALSE 1.0004899679071 1.70632151043719
3 11 40844.5 13 TRUE FALSE 1.00026935037587 0.938447230566908
7 82 40891 581 FALSE FALSE 1.00200734394125 6.99501812727749
6 78 40971 526.666666666667 FALSE FALSE 1.00190559953093 6.65270009195638
3 23 41021.5 50 TRUE FALSE 1.0005608388198 1.96149069168814
1 11 41038.5 13 TRUE FALSE 1.0002680769137 0.938071152398152
5 56 41072 275.5 FALSE FALSE 1.00136438943573 4.77530988504805
0 1 41100.5 0.5 TRUE FALSE 1.00002433090024 0.0852683597818213
2 25 41113.5 58.5 TRUE FALSE 1.00060825770663 2.13165285431114
8 59 41155.5 305 TRUE FALSE 1.00143461557166 5.03026884684778
1 10 41190 11 FALSE FALSE 1.00024280684715 0.852527101869782
3 24 41207 54.1666666666667 FALSE FALSE 1.00058259497512 2.04599326465222
4 19 41228.5 35 TRUE FALSE 1.00046095247337 1.61967379646467
14 168 41322 2394.16666666667 FALSE TRUE 1.00407391241088 14.3185913420261
0 4 41408 2.5 FALSE FALSE 1.00009660435686 0.34085903388268
4 43 41431.5 165 TRUE FALSE 1.00103839652258 3.66406064420607
2 36 41471 117.166666666667 FALSE FALSE 1.00086845342918 3.06733786257064
3 25 41501.5 58.5 TRUE FALSE 1.00060256935573 2.12996416323176
5 57 41542.5 285.166666666667 TRUE FALSE 1.0013730307848 4.855916798424
4 33 41587.5 99.1666666666667 TRUE FALSE 1.00079382261673 2.81106223505549
1 6 41607 4.66666666666667 FALSE FALSE 1.00014421690222 0.511082330296176
1 6 41613 4.66666666666667 FALSE FALSE 1.00014419610671 0.511075818152221
17 173 41702.5 2537.5 TRUE TRUE 1.00415705497885 14.7333501150933
8 97 41837.5 808.5 TRUE FALSE 1.00232118500084 8.25865527870883
6 54 41913 256.666666666667 FALSE FALSE 1.00128921357972 4.59690155771659
13 100 41990 858.5 FALSE FALSE 1.00238435860753 8.51146161443648
0 1 42040.5 0.5 TRUE FALSE 1.00002378686965 0.0851060166305615
4 39 42060.5 136.666666666667 TRUE FALSE 1.00092766585 3.31900115796998
1 4 42082 2.5 FALSE FALSE 1.00009505703422 0.340395763826564
4 72 42120 450.166666666667 FALSE FALSE 1.00171086398631 6.12665976268227
9 66 42189 379.666666666667 FALSE FALSE 1.00156561343581 5.61532900442808
26 238 42341 4780 FALSE TRUE 1.00563687177301 20.2430910741618
4 22 42471 46 FALSE FALSE 1.00051813471503 1.87072743047111
4 40 42502 143.5 FALSE FALSE 1.0009415752554 3.40111347024731
7 90 42567 697.666666666667 FALSE FALSE 1.0021165514322 7.65152380944392
18 164 42694 2282.5 FALSE TRUE 1.00384868112269 13.9392827976189
3 27 42789.5 67.6666666666667 TRUE FALSE 1.00063119506265 2.29445041082545
1 22 42814 46 FALSE FALSE 1.00051398266477 1.86946219427591
3 22 42836 46 FALSE FALSE 1.0005137186223 1.86938307275614
3 22 42858 46 FALSE FALSE 1.00051345485098 1.86930130981182
0 18 42878 31.6666666666667 FALSE FALSE 1.00041988383214 1.52936893006245
0 1 42887.5 0.5 TRUE FALSE 1.00002331708909 0.0849633628231459
8 78 42927 526.666666666667 FALSE FALSE 1.00181869054281 6.62662629164606
2 19 42975.5 35 TRUE FALSE 1.00044221011963 1.61402475560271
4 41 43005.5 150.5 TRUE FALSE 1.00095382110038 3.48269148381269
1 17 43034.5 28.5 TRUE FALSE 1.00039510993353 1.44396153275648
4 30 43058 82.6666666666667 FALSE FALSE 1.00069697744116 2.54804978141374
1 25 43085.5 58.5 TRUE FALSE 1.00058041000163 2.12326144846611
8 107 43151.5 981 TRUE FALSE 1.00248271381503 9.0863886221955
3 40 43225 143.5 FALSE FALSE 1.00092581877098 3.39629479732366
3 45 43267.5 180.166666666667 TRUE FALSE 1.00104058272633 3.82051759241585
2 26 43303 63 FALSE FALSE 1.0006006006006 2.20725703712014
4 76 43354 500.5 FALSE FALSE 1.00175454797304 6.45134924657714
3 15 43399.5 22.6666666666667 TRUE FALSE 1.00034568584071 1.27317996960983
5 68 43441 402.5 FALSE FALSE 1.0015665676043 5.77128646479332
4 62 43506 336 FALSE FALSE 1.00142610695802 5.26139383337431
13 112 43593 1073.5 FALSE FALSE 1.00257252451937 9.50285855081393
4 46 43672 188 FALSE FALSE 1.00105386148594 3.90236602591494
4 61 43725.5 325.5 TRUE FALSE 1.00139604073693 5.17434612021907
4 27 43769.5 67.6666666666667 TRUE FALSE 1.00061705823201 2.29009088942257
4 19 43792.5 35 TRUE FALSE 1.00043395838567 1.61147442862784
4 100 43852 858.5 FALSE FALSE 1.00228300077622 8.48047766664877
1 27 43915.5 67.6666666666667 TRUE FALSE 1.00061500615006 2.28945200360158
10 82 43970 581 FALSE FALSE 1.00186664845546 6.95242407795831
8 68 44045 402.5 FALSE FALSE 1.00154506827838 5.76460254833273
2 10 44084 11 FALSE FALSE 1.00022686540076 0.847672455371139
0 2 44090 1 FALSE FALSE 1.0000453627889 0.169532596076351
5 38 44110 130 FALSE FALSE 1.00086185389308 3.22099904854713
1 15 44136.5 22.6666666666667 TRUE FALSE 1.00033991252918 1.27138194389227
4 53 44170.5 247.5 TRUE FALSE 1.00120061616528 4.491925896873
4 41 44217.5 150.5 TRUE FALSE 1.00092766477363 3.47457705655961
8 51 44263.5 229.666666666667 TRUE FALSE 1.00115285501153 4.32165887319843
8 159 44368.5 2146.66666666667 TRUE TRUE 1.00359005622164 13.4707282114023
1 2 44449 1 FALSE FALSE 1.00004499640029 0.169417371768759
5 51 44475.5 229.666666666667 TRUE FALSE 1.00114735658043 4.3199270316909
11 117 44559.5 1170.16666666667 TRUE TRUE 1.00262915440102 9.9088558564581
25 242 44739 4941 FALSE TRUE 1.00542381998297 20.4883373789562
13 124 44922 1312.5 FALSE TRUE 1.00276415514935 10.494564661567
1 7 44987.5 6 TRUE FALSE 1.00015561088387 0.592362883307032
2 40 45011 143.5 FALSE FALSE 1.00088906670223 3.38478304991531
2 34 45048 105 FALSE FALSE 1.00075503542004 2.87686916815255
0 8 45069 7.5 FALSE FALSE 1.00017752135804 0.676883654648009
9 102 45124 892.666666666667 FALSE FALSE 1.00226299558494 8.62938465591287
4 47 45198.5 196 TRUE FALSE 1.00104039845047 3.97573658473721
7 78 45261 526.666666666667 FALSE FALSE 1.00172482420061 6.59726941838107
4 33 45316.5 99.1666666666667 TRUE FALSE 1.00072847682119 2.79086493029627
7 72 45369 450.166666666667 FALSE FALSE 1.0015882469724 6.08857326284578
2 26 45418 63 FALSE FALSE 1.00057262416033 2.1984517508381
8 103 45482.5 910 TRUE FALSE 1.00226717439634 8.70822008285904
2 22 45545 46 FALSE FALSE 1.00048315544428 1.85979395785762
10 114 45613 1111.66666666667 FALSE FALSE 1.00250241461059 9.63592033860459
9 95 45717.5 776 TRUE FALSE 1.00208014013576 8.02839225531807
1 12 45771 15.1666666666667 FALSE FALSE 1.00026220911177 1.01401324478593
12 156 45855 2067.16666666667 FALSE TRUE 1.00340782489023 13.1801590046471
6 48 45957 204.166666666667 FALSE FALSE 1.00104500032656 4.05467878073614
11 142 46052 1716 FALSE TRUE 1.00308823209587 11.9930202555788
0 7 46126.5 6 TRUE FALSE 1.00015176809835 0.591125520189053
1 8 46134 7.5 FALSE FALSE 1.00017342293518 0.675562860094942
7 58 46167 295 FALSE FALSE 1.00125709827041 4.89753767020193
13 144 46268 1764.16666666667 FALSE TRUE 1.00311715300026 12.1571875193576
0 7 46343.5 6 TRUE FALSE 1.00015105740181 0.590893784206855
2 9 46351.5 9.16666666666667 TRUE FALSE 1.00019418732604 0.759709518380077
3 80 46396 553.5 FALSE FALSE 1.00172577444128 6.75243382886765
1 3 46437.5 1.66666666666667 TRUE FALSE 1.00006460504781 0.253197287203875
4 30 46454 82.6666666666667 FALSE FALSE 1.00064600874265 2.53189811009906
11 109 46523.5 1017.5 TRUE FALSE 1.00234564978803 9.19807958691399
7 65 46610.5 368.5 TRUE FALSE 1.00139550860921 5.48423960893979
7 65 46675.5 368.5 TRUE FALSE 1.00139356387882 5.48360114183743
2 31 46723.5 88 TRUE FALSE 1.0006636978676 2.61503070734852
5 38 46758 130 FALSE FALSE 1.00081302552472 3.20532423984787
6 67 46810.5 391 TRUE FALSE 1.00143232785343 5.6509637617437
3 24 46856 54.1666666666667 FALSE FALSE 1.00051233882674 2.02406225421419
3 43 46889.5 165 TRUE FALSE 1.00091747034224 3.62623021826403
2 27 46924.5 67.6666666666667 TRUE FALSE 1.00057555797148 2.27679194703887
1 34 46955 105 FALSE FALSE 1.00072435979377 2.86691575699024
0 17 46980.5 28.5 TRUE FALSE 1.00036191773823 1.4333930921357
4 60 47019 315.166666666667 FALSE FALSE 1.00127689459235 5.05869078725664
3 13 47055.5 17.5 TRUE FALSE 1.00027630767923 1.09597858282996
1 25 47074.5 58.5 TRUE FALSE 1.00053121414305 2.10757917191677
9 73 47123.5 462.5 TRUE FALSE 1.00155032174486 6.15360042993234
5 82 47201 581 FALSE FALSE 1.00173876166243 6.91131778466479
9 91 47287.5 713 TRUE FALSE 1.00192625206384 7.66870236439354
13 153 47409.5 1989.16666666667 TRUE TRUE 1.0032324171297 12.8907637790371
3 20 47496 38.5 FALSE FALSE 1.00042117676789 1.68481113124835
4 24 47518 54.1666666666667 FALSE FALSE 1.00050519934324 2.02169470299941
1 5 47532.5 3.5 TRUE FALSE 1.00010519671786 0.42117583003801
6 72 47571 450.166666666667 FALSE FALSE 1.00151467339855 6.0645207550524
2 20 47617 38.5 FALSE FALSE 1.00042010628689 1.68445319891362
2 25 47639.5 58.5 TRUE FALSE 1.00052491233964 2.10548431013012
4 44 47674 172.5 FALSE FALSE 1.00092336103416 3.70542870365807
1 3 47697.5 1.66666666666667 TRUE FALSE 1.00006289835626 0.252632519340295
9 90 47744 697.666666666667 FALSE FALSE 1.00188683200906 7.5783584551491
2 12 47795 15.1666666666667 FALSE FALSE 1.0002511038105 1.01035795475582
0 2 47802 1 FALSE FALSE 1.00004184012887 0.168390924800406
3 16 47811 25.5 FALSE FALSE 1.00033470702676 1.34710651957357
1 22 47830 46 FALSE FALSE 1.00046006817374 1.85221084669411
1 14 47848 20 FALSE FALSE 1.00029263602349 1.17864209543131
2 14 47862 20 FALSE FALSE 1.00029255041271 1.17861320510201
12 114 47926 1111.66666666667 FALSE FALSE 1.00238149950908 9.59621039388003
4 86 48026 638 FALSE FALSE 1.00179230144009 7.2379925283949
3 33 48085.5 99.1666666666667 TRUE FALSE 1.00068651313737 2.77708267963408
7 81 48142.5 567.166666666667 TRUE FALSE 1.00168392166646 6.81580399550421
1 5 48185.5 3.5 TRUE FALSE 1.00010377103958 0.420697241600465
3 37 48206.5 123.5 TRUE FALSE 1.00076782601478 3.11304702621783
2 33 48241.5 99.1666666666667 TRUE FALSE 1.00068429237947 2.77633308200348
1 11 48263.5 13 TRUE FALSE 1.00022794148121 0.925409299625244
3 38 48288 130 FALSE FALSE 1.00078725475978 3.19673320798211
11 128 48371 1397.5 FALSE TRUE 1.00264971950235 10.7664074176791
9 80 48475 553.5 FALSE FALSE 1.00165169815216 6.7278001839386
14 143 48586.5 1740 TRUE TRUE 1.00294754199732 12.023654788487
4 64 48690 357.5 FALSE FALSE 1.00131530272514 5.38025910896431
6 54 48749 256.666666666667 FALSE FALSE 1.00110832888633 4.53913622762957
5 39 48795.5 136.666666666667 TRUE FALSE 1.00079957356077 3.2780047132801
3 29 48829.5 77.5 TRUE FALSE 1.00059407968862 2.43734996269814
6 42 48865 157.666666666667 FALSE FALSE 1.00085988043567 3.52974149216698
1 11 48891.5 13 TRUE FALSE 1.00022501329624 0.924414478107792
1 22 48908 46 FALSE FALSE 1.00044992535329 1.84877708604745
0 10 48924 11 FALSE FALSE 1.00020441955069 0.84033071399881
5 62 48960 336 FALSE FALSE 1.00126714218562 5.20972830039591
1 16 48999 25.5 FALSE FALSE 1.00032659059827 1.34435783719528
0 1 49007.5 0.5 TRUE FALSE 1.00002040524823 0.0840211157383237
29 279 49147.5 6556.66666666667 TRUE TRUE 1.00569294809011 23.4363352948685
2 27 49300.5 67.6666666666667 TRUE FALSE 1.00054781179621 2.26744602379949
6 56 49342 275.5 FALSE FALSE 1.00113558015979 4.70252293969861
3 39 49389.5 136.666666666667 TRUE FALSE 1.000789953413 3.27470912191529
7 63 49440.5 346.666666666667 TRUE FALSE 1.00127507134328 5.28946189493581
6 64 49504 357.5 FALSE FALSE 1.0012936610608 5.37284743245891
1 3 49537.5 1.66666666666667 TRUE FALSE 1.0000605620155 0.2518380811116
3 21 49549.5 42.1666666666667 TRUE FALSE 1.00042390843578 1.76283108323241
0 29 49574.5 77.5 TRUE FALSE 1.00058514931396 2.43428363636576
1 11 49594.5 13 TRUE FALSE 1.00022182338825 0.923318161106181
9 88 49644 667.5 FALSE FALSE 1.00177419354839 7.3859343557906
2 32 49704 93.5 FALSE FALSE 1.00064401867654 2.68552522394475
4 30 49735 82.6666666666667 FALSE FALSE 1.00060337892196 2.5175505434172
1 20 49760 38.5 FALSE FALSE 1.00040201005025 1.67829652448381
10 100 49820 858.5 FALSE FALSE 1.00200924251557 8.39063982621064
2 16 49878 25.5 FALSE FALSE 1.00032083416884 1.34237335322359
8 73 49922.5 462.5 TRUE FALSE 1.00146333640701 6.12412093929561
0 12 49965 15.1666666666667 FALSE FALSE 1.00024019696151 1.00663400005669
3 29 49985.5 77.5 TRUE FALSE 1.00058033659523 2.4326159032189
